[gd_scene load_steps=14 format=3 uid="uid://bwup16w2a68hn"]

[ext_resource type="Script" path="res://rooms/scripts/Room.gd" id="1_h0lyt"]
[ext_resource type="Texture2D" uid="uid://dkoywbevsi8un" path="res://assets/environment/emptydoorwaystonewall.png" id="2_1cj4w"]
[ext_resource type="Texture2D" uid="uid://3w1615ixgb8y" path="res://assets/environment/lvl1floorcombat2.png" id="4_2h755"]
[ext_resource type="PackedScene" uid="uid://c7jumfechixnq" path="res://rooms/scenes/torch.tscn" id="4_eggsw"]

[sub_resource type="StandardMaterial3D" id="StandardMaterial3D_6r0ji"]
albedo_color = Color(0.044074, 0.0427533, 0.0421858, 1)

[sub_resource type="StandardMaterial3D" id="StandardMaterial3D_yq07t"]
albedo_texture = ExtResource("4_2h755")
uv1_scale = Vector3(2, 2, 2)

[sub_resource type="PlaneMesh" id="PlaneMesh_ar2j6"]
material = SubResource("StandardMaterial3D_yq07t")
size = Vector2(12.8, 12.8)

[sub_resource type="WorldBoundaryShape3D" id="WorldBoundaryShape3D_4ups5"]

[sub_resource type="Gradient" id="Gradient_7o36q"]
colors = PackedColorArray(0, 0, 0, 1, 0.10748, 0.10748, 0.10748, 1)

[sub_resource type="FastNoiseLite" id="FastNoiseLite_ykynx"]

[sub_resource type="NoiseTexture2D" id="NoiseTexture2D_hl4b5"]
color_ramp = SubResource("Gradient_7o36q")
noise = SubResource("FastNoiseLite_ykynx")

[sub_resource type="StandardMaterial3D" id="StandardMaterial3D_2hudt"]
albedo_texture = SubResource("NoiseTexture2D_hl4b5")

[sub_resource type="PlaneMesh" id="PlaneMesh_a4nd0"]
material = SubResource("StandardMaterial3D_2hudt")
size = Vector2(12.8, 12.8)

[node name="EmptyRoom5" type="StaticBody3D"]
transform = Transform3D(-0.469, 0, 7.0817e-08, 0, 0.469, 0, -7.0817e-08, 0, -0.469, 0, 0, 0)
script = ExtResource("1_h0lyt")

[node name="WallDoor1" type="CSGPolygon3D" parent="."]
transform = Transform3D(-0.01, 8.74228e-10, 0, -8.74228e-10, -0.01, 0, 0, -1.32349e-23, 0.01, 0, 3.6, 6.4)
visibility_range_end = 20.0
use_collision = true
polygon = PackedVector2Array(-640, 360, -144, 360, -144, 70, -112, 32, -75, 10, -14, -1.978, 19.0259, -0.43631, 46.9548, 8.09595, 94.165, 30.7194, 130.463, 67.8524, 132, 360, 640, 360, 640, -360, -640, -360)
depth = 20.0
material = SubResource("StandardMaterial3D_6r0ji")

[node name="Sprite3D" type="Sprite3D" parent="WallDoor1"]
transform = Transform3D(-100, 8.74228e-06, 0, -8.74228e-06, -100, 0, 0, 0, 100, 0, 0, -20.1)
visibility_range_end = 20.0
flip_h = true
shaded = true
texture = ExtResource("2_1cj4w")

[node name="WallDoor2" type="CSGPolygon3D" parent="."]
transform = Transform3D(4.37114e-10, 3.82137e-17, -0.01, 8.74228e-10, -0.01, 0, -0.01, -8.74228e-10, -4.37114e-10, -6.4, 3.6, 0)
visibility_range_end = 20.0
use_collision = true
polygon = PackedVector2Array(-640, 360, -144, 360, -144, 70, -112, 32, -75, 10, -14, -1.978, 19.0259, -0.43631, 46.9548, 8.09595, 94.165, 30.7194, 130.463, 67.8524, 132, 360, 640, 360, 640, -360, -640, -360)
depth = 20.0
material = SubResource("StandardMaterial3D_6r0ji")

[node name="Sprite3D" type="Sprite3D" parent="WallDoor2"]
transform = Transform3D(-100, 8.74228e-06, 0, -8.74228e-06, -100, 0, 0, 0, 100, 0, 0, -20.1)
visibility_range_end = 20.0
flip_h = true
shaded = true
texture = ExtResource("2_1cj4w")

[node name="WallDoor3" type="CSGPolygon3D" parent="."]
transform = Transform3D(0.01, 8.74228e-10, -8.74228e-10, 8.74228e-10, -0.01, 0, -8.74228e-10, -7.64274e-17, -0.01, 0, 3.6, -6.4)
visibility_range_end = 20.0
use_collision = true
polygon = PackedVector2Array(-640, 360, -144, 360, -144, 70, -112, 32, -75, 10, -14, -1.978, 19.0259, -0.43631, 46.9548, 8.09595, 94.165, 30.7194, 130.463, 67.8524, 132, 360, 640, 360, 640, -360, -640, -360)
depth = 20.0
material = SubResource("StandardMaterial3D_6r0ji")

[node name="Sprite3D" type="Sprite3D" parent="WallDoor3"]
transform = Transform3D(-100, 8.74228e-06, 0, -8.74228e-06, -100, 0, 0, 0, 100, 0, 0, -20.1)
visibility_range_end = 20.0
flip_h = true
shaded = true
texture = ExtResource("2_1cj4w")

[node name="WallDoor4" type="CSGPolygon3D" parent="."]
transform = Transform3D(4.37114e-10, -3.82137e-17, 0.01, -8.74228e-10, -0.01, 0, 0.01, -8.74228e-10, -4.37114e-10, 6.4, 3.6, 0)
visibility_range_end = 20.0
use_collision = true
polygon = PackedVector2Array(-640, 360, -144, 360, -144, 70, -112, 32, -75, 10, -14, -1.978, 19.0259, -0.43631, 46.9548, 8.09595, 94.165, 30.7194, 130.463, 67.8524, 132, 360, 640, 360, 640, -360, -640, -360)
depth = 20.0
material = SubResource("StandardMaterial3D_6r0ji")

[node name="Sprite3D" type="Sprite3D" parent="WallDoor4"]
transform = Transform3D(-100, 8.74228e-06, 0, -8.74228e-06, -100, 0, 0, 0, 100, 0, 0, -20.1)
visibility_range_end = 20.0
flip_h = true
shaded = true
texture = ExtResource("2_1cj4w")

[node name="Floor" type="MeshInstance3D" parent="."]
visibility_range_end = 20.0
mesh = SubResource("PlaneMesh_ar2j6")

[node name="FloorCollision" type="CollisionShape3D" parent="."]
transform = Transform3D(0.64, 0, 0, 0, 0.64, 0, 0, 0, 0.64, 0, 0, 0)
shape = SubResource("WorldBoundaryShape3D_4ups5")

[node name="Ceiling" type="MeshInstance3D" parent="."]
transform = Transform3D(-1, 8.74228e-08, 0, -8.74228e-08, -1, 0, 0, 0, 1, 0, 7.2, 0)
visibility_range_end = 20.0
mesh = SubResource("PlaneMesh_a4nd0")

[node name="Lighting" type="Node3D" parent="."]

[node name="Torch3" parent="Lighting" instance=ExtResource("4_eggsw")]
transform = Transform3D(-4.1153e-08, -1.47349e-08, -0.999999, -0.337095, 0.94147, 0, 0.941471, 0.337095, -4.37113e-08, 1.8, 3.8, -6.1)

[node name="Torch4" parent="Lighting" instance=ExtResource("4_eggsw")]
transform = Transform3D(-4.1153e-08, -1.47349e-08, -0.999999, -0.337095, 0.94147, 0, 0.941471, 0.337095, -4.37113e-08, -1.8, 3.8, -6.1)

[node name="Torch" parent="Lighting" instance=ExtResource("4_eggsw")]
transform = Transform3D(-0.941471, -0.337095, -8.74227e-08, -0.337095, 0.94147, 0, 8.2306e-08, 2.94698e-08, -0.999999, 6.1, 3.8, 1.8)

[node name="Torch2" parent="Lighting" instance=ExtResource("4_eggsw")]
transform = Transform3D(-0.941471, -0.337095, -8.74227e-08, -0.337095, 0.94147, 0, 8.2306e-08, 2.94698e-08, -0.999999, 6.1, 3.8, -1.8)

[node name="Torch5" parent="Lighting" instance=ExtResource("4_eggsw")]
transform = Transform3D(-4.11531e-08, -1.47349e-08, 0.999998, -0.337095, 0.941469, 0, -0.94147, -0.337095, -4.37113e-08, 1.8, 3.8, 6.1)

[node name="Torch6" parent="Lighting" instance=ExtResource("4_eggsw")]
transform = Transform3D(-4.1153e-08, -1.47349e-08, 0.999997, -0.337095, 0.941469, 0, -0.94147, -0.337095, -4.37113e-08, -1.8, 3.8, 6.1)

[node name="Torch7" parent="Lighting" instance=ExtResource("4_eggsw")]
transform = Transform3D(0.941471, 0.337095, 0, -0.337095, 0.94147, 0, -2.84217e-14, 0, 0.999999, -6.1, 3.8, 1.8)

[node name="Torch8" parent="Lighting" instance=ExtResource("4_eggsw")]
transform = Transform3D(0.941471, 0.337095, 0, -0.337095, 0.94147, 0, -4.26326e-14, 0, 0.999999, -6.1, 3.8, -1.8)

[node name="U" type="Marker3D" parent="."]
transform = Transform3D(1, 0, 0, 0, 1, 0, 0, 0, 1, 0, 0, 6.4)

[node name="L" type="Marker3D" parent="."]
transform = Transform3D(1, 0, 0, 0, 1, 0, 0, 0, 1, 6.4, 0, 0)

[node name="D" type="Marker3D" parent="."]
transform = Transform3D(1, 0, 0, 0, 1, 0, 0, 0, 1, 0, 0, -6.4)

[node name="R" type="Marker3D" parent="."]
transform = Transform3D(1, 0, 0, 0, 1, 0, 0, 0, 1, -6.4, 0, 0)
